# Tue Jan 26 12:44:42 2016
1.000000000000000000e+00	2.500000000000000000e+00	0.000000000000000000e+00
1.000000000000000000e+00	2.500000000000000000e+00	-5.000000000000000000e-01
1.000000000000000000e+00	2.500000000000000000e+00	-1.000000000000000000e+00
1.000000000000000000e+00	2.500000000000000000e+00	-1.402870384271875048e+00
1.016713782719061099e+00	2.401406645927730121e+00	-1.402870384271875048e+00
1.033427565438122198e+00	2.302813291855460243e+00	-1.402870384271875048e+00
1.050141348157183296e+00	2.204219937783190364e+00	-1.402870384271875048e+00
1.066855130876244395e+00	2.105626583710920485e+00	-1.402870384271875048e+00
1.083568913595305494e+00	2.007033229638650607e+00	-1.402870384271875048e+00
1.100281024936094809e+00	1.908449734901787487e+00	-1.402870384271875048e+00
1.100281024936094809e+00	1.908449734901787487e+00	-9.028703842718750483e-01
1.100281024936094809e+00	1.908449734901786599e+00	-7.233835671004973378e-01
1.100281024936094809e+00	1.908449734901786599e+00	-1.223383567100497338e+00
1.100281024936094809e+00	1.908449734901786599e+00	-1.723383567100497338e+00
1.100281024936094809e+00	1.908449734901786599e+00	-1.828948835318141342e+00
1.074751553243768587e+00	1.811763406627771023e+00	-1.828948835318141342e+00
1.049222081551442365e+00	1.715077078353755446e+00	-1.828948835318141342e+00
1.023692609859116143e+00	1.618390750079739870e+00	-1.828948835318141342e+00
9.981631381667899205e-01	1.521704421805724294e+00	-1.828948835318141342e+00
9.726336664744636984e-01	1.425018093531708718e+00	-1.828948835318141342e+00
9.669001361760921620e-01	1.403303817604722115e+00	-1.828948835318141342e+00
9.669001361760918289e-01	1.403303817604721893e+00	-1.395266414707074354e+00
9.669001361760918289e-01	1.403303817604721893e+00	-1.409892866826066404e+00
9.829211423563558592e-01	1.304595523318112127e+00	-1.409892866826066404e+00
9.989421485366198894e-01	1.205887229031502361e+00	-1.409892866826066404e+00
1.014963154716884031e+00	1.107178934744892596e+00	-1.409892866826066404e+00
1.030984160897148172e+00	1.008470640458282830e+00	-1.409892866826066404e+00
1.047005167077412313e+00	9.097623461716731752e-01	-1.409892866826066404e+00
1.061838440186592791e+00	8.183718884925348380e-01	-1.409892866826066404e+00
1.061838440186592791e+00	8.183718884925348380e-01	-9.098928668260664043e-01
1.061838440186592791e+00	8.183718884925348380e-01	-4.098928668260664043e-01
1.061838440186592791e+00	8.183718884925348380e-01	9.010713317393359567e-02
1.061838440186592791e+00	8.183718884925348380e-01	5.901071331739335957e-01
1.061838440186592791e+00	8.183718884925348380e-01	1.090107133173933596e+00
1.061838440186592791e+00	8.183718884925348380e-01	1.590107133173933596e+00
1.061838440186592569e+00	8.183718884925351711e-01	1.624541914461643088e+00
1.061838440186592569e+00	8.183718884925351711e-01	1.124541914461643088e+00
1.061838440186592569e+00	8.183718884925351711e-01	6.245419144616430884e-01
1.061838440186592569e+00	8.183718884925351711e-01	1.245419144616430884e-01
1.061838440186592569e+00	8.183718884925351711e-01	1.101819768605150074e-01
1.161232050625447876e+00	8.293678060954038367e-01	1.101819768605150074e-01
1.260625661064303182e+00	8.403637236982725023e-01	1.101819768605150074e-01
1.360019271503158489e+00	8.513596413011411679e-01	1.101819768605150074e-01
1.459412881942013795e+00	8.623555589040098335e-01	1.101819768605150074e-01
1.556612954817063299e+00	8.731088053914626279e-01	1.101819768605150074e-01
1.556612954817063299e+00	8.731088053914626279e-01	-3.898180231394849926e-01
1.556612954817063299e+00	8.731088053914626279e-01	-8.898180231394849926e-01
1.556612954817063299e+00	8.731088053914626279e-01	-1.389818023139484993e+00
1.556612954817063299e+00	8.731088053914626279e-01	-1.889818023139484993e+00
1.556612954817063299e+00	8.731088053914626279e-01	-2.389818023139484993e+00
1.556612954817063299e+00	8.731088053914625169e-01	-2.735323597835888521e+00
1.556612954817063299e+00	8.731088053914625169e-01	-2.235323597835888521e+00
1.556612954817063299e+00	8.731088053914625169e-01	-1.735323597835888521e+00
1.556612954817063299e+00	8.731088053914625169e-01	-1.235323597835888521e+00
1.556612954817063299e+00	8.731088053914625169e-01	-7.353235978358885205e-01
1.556612954817063299e+00	8.731088053914625169e-01	-2.353235978358885205e-01
1.556612954817063299e+00	8.731088053914625169e-01	-3.819391519011849923e-02
1.656540024925525323e+00	8.692903424102991217e-01	-3.819391519011849923e-02
1.756467095033987347e+00	8.654718794291357264e-01	-3.819391519011849923e-02
1.856394165142449371e+00	8.616534164479723312e-01	-3.819391519011849923e-02
1.956321235250911394e+00	8.578349534668089360e-01	-3.819391519011849923e-02
2.056248305359373418e+00	8.540164904856455408e-01	-3.819391519011849923e-02
2.056429958705449756e+00	8.540095490574955983e-01	-3.819391519011849923e-02
2.056429958705449756e+00	8.540095490574955983e-01	-5.381939151901184992e-01
2.056429958705449756e+00	8.540095490574955983e-01	-1.038193915190118499e+00
2.056429958705449756e+00	8.540095490574955983e-01	-1.538193915190118499e+00
2.056429958705449756e+00	8.540095490574955983e-01	-2.038193915190118499e+00
2.056429958705449756e+00	8.540095490574955983e-01	-2.538193915190118499e+00
2.056429958705449756e+00	8.540095490574957093e-01	-2.990354875810806945e+00
2.056429958705449756e+00	8.540095490574957093e-01	2.792830431368779287e+00
2.056429958705449756e+00	8.540095490574957093e-01	2.292830431368779287e+00
2.056429958705449756e+00	8.540095490574957093e-01	1.792830431368779287e+00
2.056429958705449756e+00	8.540095490574957093e-01	1.292830431368779287e+00
2.056429958705449756e+00	8.540095490574957093e-01	7.928304313687792870e-01
2.056429958705449756e+00	8.540095490574957093e-01	5.251405901856665004e-01
2.142955305449646186e+00	9.041430146348580221e-01	5.251405901856665004e-01
2.229480652193842616e+00	9.542764802122203349e-01	5.251405901856665004e-01
2.316005998938039045e+00	1.004409945789582759e+00	5.251405901856665004e-01
2.402531345682235475e+00	1.054543411366945183e+00	5.251405901856665004e-01
2.432992291568426335e+00	1.072192722690180844e+00	5.251405901856665004e-01
2.432992291568426335e+00	1.072192722690180844e+00	2.514059018566650039e-02
2.432992291568426335e+00	1.072192722690180844e+00	-4.748594098143334996e-01
2.432992291568426335e+00	1.072192722690180844e+00	-9.748594098143334996e-01
2.432992291568426335e+00	1.072192722690180844e+00	-1.210400560222858690e+00
2.432992291568426335e+00	1.072192722690180844e+00	-7.104005602228586902e-01
2.432992291568426335e+00	1.072192722690180844e+00	-2.104005602228586902e-01
2.432992291568426335e+00	1.072192722690180844e+00	2.895994397771413098e-01
2.432992291568426335e+00	1.072192722690180844e+00	4.893204308000056457e-01
2.521257539339113229e+00	1.119195340021338581e+00	4.893204308000056457e-01
2.609522787109800124e+00	1.166197957352496317e+00	4.893204308000056457e-01
2.697788034880487018e+00	1.213200574683654054e+00	4.893204308000056457e-01
2.709014726166380171e+00	1.219178962415332856e+00	4.893204308000056457e-01
2.709014726166380171e+00	1.219178962415332856e+00	4.938490776496836654e-01
2.709014726166380171e+00	1.219178962415332856e+00	9.938490776496836654e-01
2.709014726166380171e+00	1.219178962415332856e+00	1.106354897923915059e+00
2.753807073026001806e+00	1.308586152634058308e+00	1.106354897923915059e+00
2.798599419885623441e+00	1.397993342852783760e+00	1.106354897923915059e+00
2.843391766745245075e+00	1.487400533071509212e+00	1.106354897923915059e+00
2.888184113604866710e+00	1.576807723290234664e+00	1.106354897923915059e+00
2.932976460464488344e+00	1.666214913508960116e+00	1.106354897923915059e+00
2.954912126387625460e+00	1.709999318508115707e+00	1.106354897923915059e+00
2.954912126387625460e+00	1.709999318508115262e+00	1.004965653890411481e+00
2.954912126387625460e+00	1.709999318508115262e+00	1.002113491826877034e+00
3.008764392229584583e+00	1.794260421418574225e+00	1.002113491826877034e+00
3.062616658071543707e+00	1.878521524329033188e+00	1.002113491826877034e+00
3.116468923913502831e+00	1.962782627239492150e+00	1.002113491826877034e+00
3.170321189755461955e+00	2.047043730149951113e+00	1.002113491826877034e+00
3.214352934191995637e+00	2.115938943587804655e+00	1.002113491826877034e+00
3.214352934191995637e+00	2.115938943587804655e+00	1.502113491826877034e+00
3.214352934191995637e+00	2.115938943587804655e+00	2.002113491826877034e+00
3.214352934191995637e+00	2.115938943587804655e+00	2.502113491826877034e+00
3.214352934191995637e+00	2.115938943587804655e+00	3.002113491826877034e+00
3.214352934191995637e+00	2.115938943587804655e+00	-2.781071815352709198e+00
3.214352934191995637e+00	2.115938943587804655e+00	-2.281071815352709198e+00
3.214352934191995637e+00	2.115938943587804655e+00	-2.180818732227093992e+00
3.214352934191995637e+00	2.115938943587804655e+00	-2.680818732227093992e+00
3.214352934191995637e+00	2.115938943587804655e+00	3.102366574952492240e+00
3.214352934191995637e+00	2.115938943587804655e+00	2.602366574952492240e+00
3.214352934191995637e+00	2.115938943587804655e+00	2.239310615283526484e+00
3.152370857268991244e+00	2.194413284236903294e+00	2.239310615283526484e+00
3.090388780345986852e+00	2.272887624886001934e+00	2.239310615283526484e+00
3.028406703422982460e+00	2.351361965535100573e+00	2.239310615283526484e+00
2.966424626499978068e+00	2.429836306184199213e+00	2.239310615283526484e+00
2.904442549576973676e+00	2.508310646833297852e+00	2.239310615283526484e+00
2.852534785569356579e+00	2.574030089570379154e+00	2.239310615283526484e+00
2.852534785569356579e+00	2.574030089570379154e+00	1.739310615283526484e+00
2.852534785569356579e+00	2.574030089570379154e+00	1.239310615283526484e+00
2.852534785569356579e+00	2.574030089570379154e+00	7.393106152835264844e-01
2.852534785569355691e+00	2.574030089570378266e+00	5.273513735642041400e-01
2.852534785569355691e+00	2.574030089570378266e+00	1.027351373564204140e+00
2.852534785569355691e+00	2.574030089570378266e+00	1.527351373564204140e+00
2.852534785569355691e+00	2.574030089570378266e+00	2.027351373564203918e+00
2.852534785569355691e+00	2.574030089570378266e+00	2.403325844512603560e+00
2.778571173702260033e+00	2.641330788820635878e+00	2.403325844512603560e+00
2.704607561835164375e+00	2.708631488070893489e+00	2.403325844512603560e+00
2.630643949968068718e+00	2.775932187321151101e+00	2.403325844512603560e+00
2.556680338100973060e+00	2.843232886571408713e+00	2.403325844512603560e+00
2.482716726233877402e+00	2.910533585821666325e+00	2.403325844512603560e+00
2.408760510727968374e+00	2.977827555001999027e+00	2.403325844512603560e+00
2.408760510727968374e+00	2.977827555001999027e+00	2.327434302324861370e+00
2.408760510727968374e+00	2.977827555001999027e+00	2.827434302324861370e+00
2.408760510727968374e+00	2.977827555001999027e+00	2.829706619605878437e+00
2.313584858179217552e+00	3.008512977630985130e+00	2.829706619605878437e+00
2.218409205630466730e+00	3.039198400259971233e+00	2.829706619605878437e+00
2.123233553081715907e+00	3.069883822888957337e+00	2.829706619605878437e+00
2.028057900532965085e+00	3.100569245517943440e+00	2.829706619605878437e+00
1.932882247984214263e+00	3.131254668146929543e+00	2.829706619605878437e+00
1.890900392653266371e+00	3.144789967764856975e+00	2.829706619605878437e+00
1.890900392653266371e+00	3.144789967764856975e+00	-2.953478687573707795e+00
1.890900392653266371e+00	3.144789967764856975e+00	-2.453478687573707795e+00
1.890900392653266371e+00	3.144789967764856975e+00	-1.953478687573707795e+00
1.890900392653266815e+00	3.144789967764856087e+00	-1.682595298763431391e+00
1.890900392653266815e+00	3.144789967764856087e+00	-2.133370958101675541e+00
1.837563812203109492e+00	3.060201498184871749e+00	-2.133370958101675541e+00
1.784227231752952170e+00	2.975613028604887411e+00	-2.133370958101675541e+00
1.730890651302794847e+00	2.891024559024903073e+00	-2.133370958101675541e+00
1.677554070852637524e+00	2.806436089444918736e+00	-2.133370958101675541e+00
1.624217490402480202e+00	2.721847619864934398e+00	-2.133370958101675541e+00
1.614040278831838426e+00	2.705707200961311898e+00	-2.133370958101675541e+00
1.614040278831838426e+00	2.705707200961311898e+00	-2.633370958101675541e+00
1.614040278831838426e+00	2.705707200961311898e+00	-3.133370958101675541e+00
1.614040278831838426e+00	2.705707200961311898e+00	2.649814349077910691e+00
1.614040278831838870e+00	2.705707200961312786e+00	2.235803563977357467e+00
1.614040278831838870e+00	2.705707200961312786e+00	2.735803563977357467e+00
1.614040278831838870e+00	2.705707200961312786e+00	-3.047381743202228765e+00
1.614040278831838870e+00	2.705707200961312786e+00	-2.547381743202228765e+00
1.614040278831838870e+00	2.705707200961312786e+00	-2.047381743202228765e+00
1.614040278831838870e+00	2.705707200961312786e+00	-1.797231442918291844e+00
1.591589771367703854e+00	2.608259908979427610e+00	-1.797231442918291844e+00
1.569139263903568837e+00	2.510812616997542435e+00	-1.797231442918291844e+00
1.546688756439433821e+00	2.413365325015657259e+00	-1.797231442918291844e+00
1.524238248975298804e+00	2.315918033033772083e+00	-1.797231442918291844e+00
1.501787741511163787e+00	2.218470741051886908e+00	-1.797231442918291844e+00
1.486221263131872750e+00	2.150903842344596306e+00	-1.797231442918291844e+00
1.486221263131872750e+00	2.150903842344596306e+00	-1.297231442918291844e+00
1.486221263131872750e+00	2.150903842344596306e+00	-7.972314429182918438e-01
1.486221263131872750e+00	2.150903842344596306e+00	-2.972314429182918438e-01
1.486221263131872750e+00	2.150903842344596306e+00	2.027685570817081562e-01
1.486221263131872083e+00	2.150903842344595418e+00	2.395446541856744993e-01
1.486221263131872083e+00	2.150903842344595418e+00	-2.604553458143255007e-01
1.486221263131872083e+00	2.150903842344595418e+00	-7.604553458143255007e-01
1.486221263131872083e+00	2.150903842344595418e+00	-1.260455345814325501e+00
1.486221263131872083e+00	2.150903842344595418e+00	-1.760455345814325501e+00
1.486221263131872083e+00	2.150903842344595418e+00	-1.778293629324262159e+00
1.465620109725728648e+00	2.053048886014644747e+00	-1.778293629324262159e+00
1.445018956319585213e+00	1.955193929684694076e+00	-1.778293629324262159e+00
1.424417802913441777e+00	1.857338973354743406e+00	-1.778293629324262159e+00
1.403816649507298342e+00	1.759484017024792735e+00	-1.778293629324262159e+00
1.389093890608288584e+00	1.689551285555040527e+00	-1.778293629324262159e+00
1.389093890608288584e+00	1.689551285555040527e+00	-1.278293629324262159e+00
1.389093890608288584e+00	1.689551285555040527e+00	-7.831044559849944520e-01
1.389093890608288584e+00	1.689551285555040527e+00	-1.283104455984994452e+00
1.389093890608288584e+00	1.689551285555040527e+00	-1.783104455984994452e+00
1.389093890608288584e+00	1.689551285555040527e+00	-1.802537268295242079e+00
1.366126663265527563e+00	1.592224483140772584e+00	-1.802537268295242079e+00
1.343159435922766543e+00	1.494897680726504641e+00	-1.802537268295242079e+00
1.320192208580005522e+00	1.397570878312236697e+00	-1.802537268295242079e+00
1.297224981237244501e+00	1.300244075897968754e+00	-1.802537268295242079e+00
1.274257753894483480e+00	1.202917273483700811e+00	-1.802537268295242079e+00
1.251292823274456900e+00	1.105600203749674382e+00	-1.802537268295242079e+00
1.251292823274456900e+00	1.105600203749674382e+00	-1.302537268295242079e+00
1.251292823274456900e+00	1.105600203749674382e+00	-8.025372682952420789e-01
1.251292823274457122e+00	1.105600203749674826e+00	-4.549033939609479771e-01
1.251292823274457122e+00	1.105600203749674826e+00	-9.549033939609479216e-01
1.251292823274457122e+00	1.105600203749674826e+00	-1.454903393960947922e+00
1.251292823274457122e+00	1.105600203749674826e+00	-1.954903393960947922e+00
1.251292823274457122e+00	1.105600203749674826e+00	-2.153887223801907780e+00
1.196232149797909150e+00	1.022123726606056993e+00	-2.153887223801907780e+00
1.141171476321361178e+00	9.386472494624390484e-01	-2.153887223801907780e+00
1.086110802844813206e+00	8.551707723188211041e-01	-2.153887223801907780e+00
1.061838440186592569e+00	8.183718884925351711e-01	-2.153887223801907780e+00
1.061838440186592569e+00	8.183718884925351711e-01	-2.653887223801907780e+00
1.061838440186592569e+00	8.183718884925351711e-01	3.129298083377678452e+00
1.061838440186592569e+00	8.183718884925351711e-01	2.629298083377678452e+00
1.061838440186592569e+00	8.183718884925351711e-01	2.129298083377678452e+00
1.061838440186592569e+00	8.183718884925351711e-01	1.629298083377678452e+00
1.061838440186592569e+00	8.183718884925351711e-01	1.624541914461643088e+00
1.061838440186592569e+00	8.183718884925351711e-01	1.124541914461643088e+00
1.061838440186592569e+00	8.183718884925351711e-01	6.245419144616430884e-01
1.061838440186592569e+00	8.183718884925351711e-01	1.245419144616430884e-01
1.061838440186592569e+00	8.183718884925351711e-01	1.101819768605150074e-01
1.161232050625447876e+00	8.293678060954038367e-01	1.101819768605150074e-01
1.260625661064303182e+00	8.403637236982725023e-01	1.101819768605150074e-01
1.360019271503158489e+00	8.513596413011411679e-01	1.101819768605150074e-01
1.459412881942013795e+00	8.623555589040098335e-01	1.101819768605150074e-01
1.556612954817063299e+00	8.731088053914626279e-01	1.101819768605150074e-01
1.556612954817063299e+00	8.731088053914626279e-01	-3.898180231394849926e-01
1.556612954817063299e+00	8.731088053914626279e-01	-8.898180231394849926e-01
1.556612954817063299e+00	8.731088053914626279e-01	-1.389818023139484993e+00
1.556612954817063299e+00	8.731088053914626279e-01	-1.889818023139484993e+00
1.556612954817063299e+00	8.731088053914626279e-01	-2.389818023139484993e+00
1.556612954817063299e+00	8.731088053914625169e-01	-2.735323597835888521e+00
1.556612954817063299e+00	8.731088053914625169e-01	-2.235323597835888521e+00
1.556612954817063299e+00	8.731088053914625169e-01	-1.735323597835888521e+00
1.556612954817063299e+00	8.731088053914625169e-01	-1.235323597835888521e+00
1.556612954817063299e+00	8.731088053914625169e-01	-7.353235978358885205e-01
1.556612954817063299e+00	8.731088053914625169e-01	-2.353235978358885205e-01
1.556612954817063299e+00	8.731088053914625169e-01	-3.819391519011849923e-02
1.656540024925525323e+00	8.692903424102991217e-01	-3.819391519011849923e-02
1.756467095033987347e+00	8.654718794291357264e-01	-3.819391519011849923e-02
1.856394165142449371e+00	8.616534164479723312e-01	-3.819391519011849923e-02
1.956321235250911394e+00	8.578349534668089360e-01	-3.819391519011849923e-02
2.056248305359373418e+00	8.540164904856455408e-01	-3.819391519011849923e-02
2.056429958705449756e+00	8.540095490574955983e-01	-3.819391519011849923e-02
2.056429958705449756e+00	8.540095490574955983e-01	-5.381939151901184992e-01
2.056429958705449756e+00	8.540095490574955983e-01	-1.038193915190118499e+00
2.056429958705449756e+00	8.540095490574955983e-01	-1.538193915190118499e+00
2.056429958705449756e+00	8.540095490574955983e-01	-2.038193915190118499e+00
2.056429958705449756e+00	8.540095490574955983e-01	-2.538193915190118499e+00
2.056429958705449756e+00	8.540095490574957093e-01	-2.990354875810806945e+00
2.056429958705449756e+00	8.540095490574957093e-01	2.792830431368779287e+00
2.056429958705449756e+00	8.540095490574957093e-01	2.292830431368779287e+00
2.056429958705449756e+00	8.540095490574957093e-01	1.792830431368779287e+00
2.056429958705449756e+00	8.540095490574957093e-01	1.292830431368779287e+00
2.056429958705449756e+00	8.540095490574957093e-01	7.928304313687792870e-01
2.056429958705449756e+00	8.540095490574957093e-01	5.251405901856665004e-01
2.142955305449646186e+00	9.041430146348580221e-01	5.251405901856665004e-01
2.229480652193842616e+00	9.542764802122203349e-01	5.251405901856665004e-01
2.316005998938039045e+00	1.004409945789582759e+00	5.251405901856665004e-01
2.402531345682235475e+00	1.054543411366945183e+00	5.251405901856665004e-01
2.432992291568426335e+00	1.072192722690180844e+00	5.251405901856665004e-01
2.432992291568426335e+00	1.072192722690180844e+00	2.514059018566650039e-02
2.432992291568426335e+00	1.072192722690180844e+00	-4.748594098143334996e-01
2.432992291568426335e+00	1.072192722690180844e+00	-9.748594098143334996e-01
2.432992291568426335e+00	1.072192722690180844e+00	-1.210400560222858690e+00
2.432992291568426335e+00	1.072192722690180844e+00	-7.104005602228586902e-01
2.432992291568426335e+00	1.072192722690180844e+00	-2.104005602228586902e-01
2.432992291568426335e+00	1.072192722690180844e+00	2.895994397771413098e-01
2.432992291568426335e+00	1.072192722690180844e+00	4.893204308000056457e-01
2.521257539339113229e+00	1.119195340021338581e+00	4.893204308000056457e-01
2.609522787109800124e+00	1.166197957352496317e+00	4.893204308000056457e-01
2.697788034880487018e+00	1.213200574683654054e+00	4.893204308000056457e-01
2.709014726166380171e+00	1.219178962415332856e+00	4.893204308000056457e-01
2.709014726166380171e+00	1.219178962415332856e+00	4.938490776496836654e-01
2.709014726166380171e+00	1.219178962415332856e+00	9.938490776496836654e-01
2.709014726166380171e+00	1.219178962415332856e+00	1.106354897923915059e+00
2.753807073026001806e+00	1.308586152634058308e+00	1.106354897923915059e+00
2.798599419885623441e+00	1.397993342852783760e+00	1.106354897923915059e+00
2.843391766745245075e+00	1.487400533071509212e+00	1.106354897923915059e+00
2.888184113604866710e+00	1.576807723290234664e+00	1.106354897923915059e+00
2.932976460464488344e+00	1.666214913508960116e+00	1.106354897923915059e+00
2.954912126387625460e+00	1.709999318508115707e+00	1.106354897923915059e+00
2.954912126387625460e+00	1.709999318508115262e+00	1.004965653890411481e+00
2.954912126387625460e+00	1.709999318508115262e+00	1.002113491826877034e+00
3.008764392229584583e+00	1.794260421418574225e+00	1.002113491826877034e+00
3.062616658071543707e+00	1.878521524329033188e+00	1.002113491826877034e+00
3.116468923913502831e+00	1.962782627239492150e+00	1.002113491826877034e+00
3.170321189755461955e+00	2.047043730149951113e+00	1.002113491826877034e+00
3.214352934191995637e+00	2.115938943587804655e+00	1.002113491826877034e+00
3.214352934191995637e+00	2.115938943587804655e+00	1.502113491826877034e+00
3.214352934191995637e+00	2.115938943587804655e+00	2.002113491826877034e+00
3.214352934191995637e+00	2.115938943587804655e+00	2.502113491826877034e+00
3.214352934191995637e+00	2.115938943587804655e+00	3.002113491826877034e+00
3.214352934191995637e+00	2.115938943587804655e+00	-2.781071815352709198e+00
3.214352934191995637e+00	2.115938943587804655e+00	-2.281071815352709198e+00
3.214352934191995637e+00	2.115938943587804655e+00	-2.180818732227093992e+00
3.214352934191995637e+00	2.115938943587804655e+00	-2.680818732227093992e+00
3.214352934191995637e+00	2.115938943587804655e+00	3.102366574952492240e+00
3.214352934191995637e+00	2.115938943587804655e+00	2.602366574952492240e+00
3.214352934191995637e+00	2.115938943587804655e+00	2.239310615283526484e+00
3.152370857268991244e+00	2.194413284236903294e+00	2.239310615283526484e+00
3.090388780345986852e+00	2.272887624886001934e+00	2.239310615283526484e+00
3.028406703422982460e+00	2.351361965535100573e+00	2.239310615283526484e+00
2.966424626499978068e+00	2.429836306184199213e+00	2.239310615283526484e+00
2.904442549576973676e+00	2.508310646833297852e+00	2.239310615283526484e+00
2.852534785569356579e+00	2.574030089570379154e+00	2.239310615283526484e+00
2.852534785569356579e+00	2.574030089570379154e+00	1.739310615283526484e+00
2.852534785569356579e+00	2.574030089570379154e+00	1.239310615283526484e+00
2.852534785569356579e+00	2.574030089570379154e+00	7.393106152835264844e-01
2.852534785569355691e+00	2.574030089570378266e+00	5.273513735642041400e-01
2.852534785569355691e+00	2.574030089570378266e+00	1.027351373564204140e+00
2.852534785569355691e+00	2.574030089570378266e+00	1.527351373564204140e+00
2.852534785569355691e+00	2.574030089570378266e+00	2.027351373564203918e+00
2.852534785569355691e+00	2.574030089570378266e+00	2.403325844512603560e+00
2.778571173702260033e+00	2.641330788820635878e+00	2.403325844512603560e+00
2.704607561835164375e+00	2.708631488070893489e+00	2.403325844512603560e+00
2.630643949968068718e+00	2.775932187321151101e+00	2.403325844512603560e+00
2.556680338100973060e+00	2.843232886571408713e+00	2.403325844512603560e+00
2.482716726233877402e+00	2.910533585821666325e+00	2.403325844512603560e+00
2.408760510727968374e+00	2.977827555001999027e+00	2.403325844512603560e+00
2.408760510727968374e+00	2.977827555001999027e+00	2.327434302324861370e+00
2.408760510727968374e+00	2.977827555001999027e+00	2.827434302324861370e+00
2.408760510727968374e+00	2.977827555001999027e+00	2.829706619605878437e+00
2.313584858179217552e+00	3.008512977630985130e+00	2.829706619605878437e+00
2.218409205630466730e+00	3.039198400259971233e+00	2.829706619605878437e+00
2.123233553081715907e+00	3.069883822888957337e+00	2.829706619605878437e+00
2.028057900532965085e+00	3.100569245517943440e+00	2.829706619605878437e+00
1.932882247984214263e+00	3.131254668146929543e+00	2.829706619605878437e+00
1.890900392653266371e+00	3.144789967764856975e+00	2.829706619605878437e+00
1.890900392653266371e+00	3.144789967764856975e+00	-2.953478687573707795e+00
1.890900392653266371e+00	3.144789967764856975e+00	-2.453478687573707795e+00
1.890900392653266371e+00	3.144789967764856975e+00	-1.953478687573707795e+00
1.890900392653266815e+00	3.144789967764856087e+00	-1.682595298763431391e+00
1.890900392653266815e+00	3.144789967764856087e+00	-2.133370958101675541e+00
1.837563812203109492e+00	3.060201498184871749e+00	-2.133370958101675541e+00
1.784227231752952170e+00	2.975613028604887411e+00	-2.133370958101675541e+00
1.730890651302794847e+00	2.891024559024903073e+00	-2.133370958101675541e+00
1.677554070852637524e+00	2.806436089444918736e+00	-2.133370958101675541e+00
1.624217490402480202e+00	2.721847619864934398e+00	-2.133370958101675541e+00
1.614040278831838426e+00	2.705707200961311898e+00	-2.133370958101675541e+00
1.614040278831838426e+00	2.705707200961311898e+00	-2.633370958101675541e+00
1.614040278831838426e+00	2.705707200961311898e+00	-3.133370958101675541e+00
1.614040278831838426e+00	2.705707200961311898e+00	2.649814349077910691e+00
1.614040278831838870e+00	2.705707200961312786e+00	2.235803563977357467e+00
1.614040278831838870e+00	2.705707200961312786e+00	2.735803563977357467e+00
1.614040278831838870e+00	2.705707200961312786e+00	-3.047381743202228765e+00
1.614040278831838870e+00	2.705707200961312786e+00	-2.547381743202228765e+00
1.614040278831838870e+00	2.705707200961312786e+00	-2.047381743202228765e+00
1.614040278831838870e+00	2.705707200961312786e+00	-1.797231442918291844e+00
1.591589771367703854e+00	2.608259908979427610e+00	-1.797231442918291844e+00
1.569139263903568837e+00	2.510812616997542435e+00	-1.797231442918291844e+00
1.546688756439433821e+00	2.413365325015657259e+00	-1.797231442918291844e+00
1.524238248975298804e+00	2.315918033033772083e+00	-1.797231442918291844e+00
1.501787741511163787e+00	2.218470741051886908e+00	-1.797231442918291844e+00
1.486221263131872750e+00	2.150903842344596306e+00	-1.797231442918291844e+00
1.486221263131872750e+00	2.150903842344596306e+00	-1.297231442918291844e+00
1.486221263131872750e+00	2.150903842344596306e+00	-7.972314429182918438e-01
1.486221263131872750e+00	2.150903842344596306e+00	-2.972314429182918438e-01
1.486221263131872750e+00	2.150903842344596306e+00	2.027685570817081562e-01
1.486221263131872083e+00	2.150903842344595418e+00	2.395446541856744993e-01
1.486221263131872083e+00	2.150903842344595418e+00	-2.604553458143255007e-01
1.486221263131872083e+00	2.150903842344595418e+00	-7.604553458143255007e-01
1.486221263131872083e+00	2.150903842344595418e+00	-1.260455345814325501e+00
1.486221263131872083e+00	2.150903842344595418e+00	-1.760455345814325501e+00
1.486221263131872083e+00	2.150903842344595418e+00	-1.778293629324262159e+00
1.465620109725728648e+00	2.053048886014644747e+00	-1.778293629324262159e+00
1.445018956319585213e+00	1.955193929684694076e+00	-1.778293629324262159e+00
1.424417802913441777e+00	1.857338973354743406e+00	-1.778293629324262159e+00
1.403816649507298342e+00	1.759484017024792735e+00	-1.778293629324262159e+00
1.389093890608288584e+00	1.689551285555040527e+00	-1.778293629324262159e+00
1.389093890608288584e+00	1.689551285555040527e+00	-1.278293629324262159e+00
1.389093890608288584e+00	1.689551285555040527e+00	-7.831044559849944520e-01
1.389093890608288584e+00	1.689551285555040527e+00	-1.283104455984994452e+00
1.389093890608288584e+00	1.689551285555040527e+00	-1.783104455984994452e+00
1.389093890608288584e+00	1.689551285555040527e+00	-1.802537268295242079e+00
1.366126663265527563e+00	1.592224483140772584e+00	-1.802537268295242079e+00
1.343159435922766543e+00	1.494897680726504641e+00	-1.802537268295242079e+00
1.320192208580005522e+00	1.397570878312236697e+00	-1.802537268295242079e+00
1.297224981237244501e+00	1.300244075897968754e+00	-1.802537268295242079e+00
1.274257753894483480e+00	1.202917273483700811e+00	-1.802537268295242079e+00
1.251292823274456900e+00	1.105600203749674382e+00	-1.802537268295242079e+00
1.251292823274456900e+00	1.105600203749674382e+00	-1.302537268295242079e+00
1.251292823274456900e+00	1.105600203749674382e+00	-8.025372682952420789e-01
1.251292823274457122e+00	1.105600203749674826e+00	-4.549033939609479771e-01
1.251292823274457122e+00	1.105600203749674826e+00	-9.549033939609479216e-01
1.251292823274457122e+00	1.105600203749674826e+00	-1.454903393960947922e+00
1.251292823274457122e+00	1.105600203749674826e+00	-1.954903393960947922e+00
1.251292823274457122e+00	1.105600203749674826e+00	-2.153887223801907780e+00
1.196232149797909150e+00	1.022123726606056993e+00	-2.153887223801907780e+00
1.141171476321361178e+00	9.386472494624390484e-01	-2.153887223801907780e+00
1.086110802844813206e+00	8.551707723188211041e-01	-2.153887223801907780e+00
1.061838440186592569e+00	8.183718884925351711e-01	-2.153887223801907780e+00
1.061838440186592569e+00	8.183718884925351711e-01	-2.653887223801907780e+00
1.061838440186592569e+00	8.183718884925351711e-01	3.129298083377678452e+00
1.061838440186592569e+00	8.183718884925351711e-01	2.629298083377678452e+00
1.061838440186592569e+00	8.183718884925351711e-01	2.129298083377678452e+00
1.061838440186592569e+00	8.183718884925351711e-01	1.629298083377678452e+00
1.061838440186592569e+00	8.183718884925351711e-01	1.624541914461643088e+00
1.061838440186592569e+00	8.183718884925351711e-01	1.124541914461643088e+00
1.061838440186592569e+00	8.183718884925351711e-01	6.245419144616430884e-01
1.061838440186592569e+00	8.183718884925351711e-01	1.245419144616430884e-01
1.061838440186592569e+00	8.183718884925351711e-01	1.101819768605150074e-01
1.161232050625447876e+00	8.293678060954038367e-01	1.101819768605150074e-01
1.260625661064303182e+00	8.403637236982725023e-01	1.101819768605150074e-01
1.360019271503158489e+00	8.513596413011411679e-01	1.101819768605150074e-01
1.459412881942013795e+00	8.623555589040098335e-01	1.101819768605150074e-01
1.556612954817063299e+00	8.731088053914626279e-01	1.101819768605150074e-01
1.556612954817063299e+00	8.731088053914626279e-01	-3.898180231394849926e-01
1.556612954817063299e+00	8.731088053914626279e-01	-8.898180231394849926e-01
1.556612954817063299e+00	8.731088053914626279e-01	-1.389818023139484993e+00
1.556612954817063299e+00	8.731088053914626279e-01	-1.889818023139484993e+00
1.556612954817063299e+00	8.731088053914626279e-01	-2.389818023139484993e+00
1.556612954817063299e+00	8.731088053914625169e-01	-2.735323597835888521e+00
1.556612954817063299e+00	8.731088053914625169e-01	-2.235323597835888521e+00
1.556612954817063299e+00	8.731088053914625169e-01	-1.735323597835888521e+00
1.556612954817063299e+00	8.731088053914625169e-01	-1.235323597835888521e+00
1.556612954817063299e+00	8.731088053914625169e-01	-7.353235978358885205e-01
1.556612954817063299e+00	8.731088053914625169e-01	-2.353235978358885205e-01
1.556612954817063299e+00	8.731088053914625169e-01	-3.819391519011849923e-02
1.656540024925525323e+00	8.692903424102991217e-01	-3.819391519011849923e-02
1.756467095033987347e+00	8.654718794291357264e-01	-3.819391519011849923e-02
1.856394165142449371e+00	8.616534164479723312e-01	-3.819391519011849923e-02
1.956321235250911394e+00	8.578349534668089360e-01	-3.819391519011849923e-02
2.056248305359373418e+00	8.540164904856455408e-01	-3.819391519011849923e-02
2.056429958705449756e+00	8.540095490574955983e-01	-3.819391519011849923e-02
2.056429958705449756e+00	8.540095490574955983e-01	-5.381939151901184992e-01
2.056429958705449756e+00	8.540095490574955983e-01	-1.038193915190118499e+00
2.056429958705449756e+00	8.540095490574955983e-01	-1.538193915190118499e+00
2.056429958705449756e+00	8.540095490574955983e-01	-2.038193915190118499e+00
2.056429958705449756e+00	8.540095490574955983e-01	-2.538193915190118499e+00
2.056429958705449756e+00	8.540095490574957093e-01	-2.990354875810806945e+00
2.056429958705449756e+00	8.540095490574957093e-01	2.792830431368779287e+00
2.056429958705449756e+00	8.540095490574957093e-01	2.292830431368779287e+00
2.056429958705449756e+00	8.540095490574957093e-01	1.792830431368779287e+00
2.056429958705449756e+00	8.540095490574957093e-01	1.292830431368779287e+00
2.056429958705449756e+00	8.540095490574957093e-01	7.928304313687792870e-01
2.056429958705449756e+00	8.540095490574957093e-01	5.251405901856665004e-01
2.142955305449646186e+00	9.041430146348580221e-01	5.251405901856665004e-01
2.229480652193842616e+00	9.542764802122203349e-01	5.251405901856665004e-01
2.316005998938039045e+00	1.004409945789582759e+00	5.251405901856665004e-01
2.402531345682235475e+00	1.054543411366945183e+00	5.251405901856665004e-01
2.432992291568426335e+00	1.072192722690180844e+00	5.251405901856665004e-01
2.432992291568426335e+00	1.072192722690180844e+00	2.514059018566650039e-02
2.432992291568426335e+00	1.072192722690180844e+00	-4.748594098143334996e-01
2.432992291568426335e+00	1.072192722690180844e+00	-9.748594098143334996e-01
2.432992291568426335e+00	1.072192722690180844e+00	-1.210400560222858690e+00
2.432992291568426335e+00	1.072192722690180844e+00	-7.104005602228586902e-01
2.432992291568426335e+00	1.072192722690180844e+00	-2.104005602228586902e-01
2.432992291568426335e+00	1.072192722690180844e+00	2.895994397771413098e-01
2.432992291568426335e+00	1.072192722690180844e+00	4.893204308000056457e-01
2.521257539339113229e+00	1.119195340021338581e+00	4.893204308000056457e-01
2.609522787109800124e+00	1.166197957352496317e+00	4.893204308000056457e-01
2.697788034880487018e+00	1.213200574683654054e+00	4.893204308000056457e-01
2.709014726166380171e+00	1.219178962415332856e+00	4.893204308000056457e-01
2.709014726166380171e+00	1.219178962415332856e+00	4.938490776496836654e-01
2.709014726166380171e+00	1.219178962415332856e+00	9.938490776496836654e-01
2.709014726166380171e+00	1.219178962415332856e+00	1.106354897923915059e+00
2.753807073026001806e+00	1.308586152634058308e+00	1.106354897923915059e+00
2.798599419885623441e+00	1.397993342852783760e+00	1.106354897923915059e+00
2.843391766745245075e+00	1.487400533071509212e+00	1.106354897923915059e+00
2.888184113604866710e+00	1.576807723290234664e+00	1.106354897923915059e+00
2.932976460464488344e+00	1.666214913508960116e+00	1.106354897923915059e+00
2.954912126387625460e+00	1.709999318508115707e+00	1.106354897923915059e+00
2.954912126387625460e+00	1.709999318508115262e+00	1.004965653890411481e+00
2.954912126387625460e+00	1.709999318508115262e+00	1.002113491826877034e+00
3.008764392229584583e+00	1.794260421418574225e+00	1.002113491826877034e+00
3.062616658071543707e+00	1.878521524329033188e+00	1.002113491826877034e+00
3.116468923913502831e+00	1.962782627239492150e+00	1.002113491826877034e+00
3.170321189755461955e+00	2.047043730149951113e+00	1.002113491826877034e+00
3.214352934191995637e+00	2.115938943587804655e+00	1.002113491826877034e+00
3.214352934191995637e+00	2.115938943587804655e+00	1.502113491826877034e+00
3.214352934191995637e+00	2.115938943587804655e+00	2.002113491826877034e+00
3.214352934191995637e+00	2.115938943587804655e+00	2.502113491826877034e+00
3.214352934191995637e+00	2.115938943587804655e+00	3.002113491826877034e+00
3.214352934191995637e+00	2.115938943587804655e+00	-2.781071815352709198e+00
3.214352934191995637e+00	2.115938943587804655e+00	-2.281071815352709198e+00
3.214352934191995637e+00	2.115938943587804655e+00	-2.180818732227093992e+00
3.214352934191995637e+00	2.115938943587804655e+00	-2.680818732227093992e+00
3.214352934191995637e+00	2.115938943587804655e+00	3.102366574952492240e+00
3.214352934191995637e+00	2.115938943587804655e+00	2.602366574952492240e+00
3.214352934191995637e+00	2.115938943587804655e+00	2.239310615283526484e+00
3.152370857268991244e+00	2.194413284236903294e+00	2.239310615283526484e+00
3.090388780345986852e+00	2.272887624886001934e+00	2.239310615283526484e+00
3.028406703422982460e+00	2.351361965535100573e+00	2.239310615283526484e+00
2.966424626499978068e+00	2.429836306184199213e+00	2.239310615283526484e+00
